4294967279,50
4294967279,49
4294967279,48
4294967279,47
4294967279,229
4294967278,226
4294967279,61
4294967279,60
4294967279,59
4294967279,58
4294967279,57
4294967279,56
4294967279,55
4294967279,54
4294967279,53
4294967279,52
4294967279,51
4294967279,226
4294967279,225
4294967278,223
4294967279,85
4294967279,84
4294967279,83
4294967279,82
4294967279,81
4294967279,80
4294967279,79
4294967279,78
4294967279,77
4294967279,76
4294967279,75
4294967279,74
4294967279,73
4294967279,72
4294967279,71
4294967279,70
4294967279,69
4294967279,68
4294967279,67
4294967279,66
4294967279,65
4294967279,64
4294967279,63
4294967279,62
4294967279,217
4294967278,214
4294967279,280
4294967278,88
4294967278,174
4294967278,17
4294967278,16
4294967278,15
4294967278,14
4294967278,13
4294967278,12
4294967278,11
4294967278,10
4294967278,9
4294967278,8
4294967278,7
4294967278,6
4294967278,5
4294967278,4
4294967279,132
4294967279,131
4294967279,130
4294967279,129
4294967279,128
4294967279,127
4294967279,126
4294967279,125
4294967279,124
4294967279,123
4294967279,122
4294967279,121
4294967279,120
4294967279,119
4294967279,118
4294967279,117
4294967279,116
4294967279,115
4294967279,114
4294967279,113
4294967279,112
4294967279,111
4294967279,110
4294967279,109
4294967279,108
4294967279,107
4294967279,106
4294967279,105
4294967279,104
4294967279,103
4294967279,102
4294967279,97
4294967279,96
4294967279,95
4294967279,94
4294967279,93
4294967279,92
4294967279,91
4294967279,90
4294967279,89
4294967279,87
4294967279,86
4294967279,214
4294967294,419
4294967294,178
4294967294,425
4294967294,411
4294967294,168
4294967294,213
4294967294,403
4294967294,420
4294967294,384
4294967294,456
4294967294,402
4294967279,439
4294967279,101
4294967279,438
4294967279,100
4294967294,387
4294967278,365
4294967279,437
4294967279,99
4294967278,364
4294967279,436
4294967279,98
4294967278,209
4294967278,208
4294967278,207
4294967278,363
4294967278,204
4294967278,201
38,6
4294967278,203
38,5
38,4
4294967278,202
38,3
38,2
38,1
4294967278,362
4294967278,361
4294967279,435
4294967278,360
4294967279,434
4294967278,359
4294967278,197
4294967278,196
4294967278,195
4294967278,358
4294967278,193
4294967278,192
4294967278,191
4294967279,433
4294967278,190
4294967278,357
4294967278,186
4294967278,185
4294967278,356
4294967279,432
4294967278,184
4294967278,355
4294967279,431
4294967278,181
4294967278,178
4294967278,180
4294967278,179
4294967278,354
4294967294,482
4294967278,177
4294967294,221
4294967278,176
4294967278,311
4294967278,309
4294967279,430
4294967278,353
4294967278,171
4294967279,429
4294967278,170
4294967278,352
4294967278,169
4294967279,428
4294967278,167
4294967278,166
4294967278,165
4294967278,164
4294967278,351
4294967278,160
4294967279,161
4294967294,388
4294967278,159
4294967278,305
4294967279,160
4294967279,294
4294967278,158
4294967279,159
4294967278,350
4294967278,349
4294967279,157
4294967279,156
4294967278,155
4294967278,152
4294967279,155
34,6
4294967278,154
34,5
4294967279,154
34,4
4294967278,153
34,3
34,2
34,1
4294967278,288
4294967279,153
4294967278,348
4294967294,50
4294967279,149
4294967278,148
4294967279,148
4294967279,306
4294967278,147
4294967278,300
4294967279,147
4294967278,146
4294967279,304
4294967278,347
4294967278,144
4294967279,144
4294967279,141
4294967278,143
4294967279,143
4294967278,142
4294967279,142
4294967279,427
4294967278,141
4294967294,1418
4294967294,173
4294967294,182
4294967294,212
4294967294,422
4294967294,163
4294967278,139
4294967294,264
4294967294,12
4294967294,81
4294967278,43
4294967278,42
4294967278,41
4294967278,40
4294967278,39
4294967278,38
4294967278,37
4294967278,36
4294967278,35
4294967278,34
4294967278,33
4294967278,32
4294967278,31
4294967278,30
4294967278,29
4294967278,28
4294967278,27
4294967278,26
4294967278,25
4294967278,24
4294967278,23
4294967278,22
4294967278,21
4294967278,284
4294967278,20
4294967278,19
4294967278,18
4294967279,46
4294967279,45
4294967279,44
4294967279,42
4294967279,39
4294967279,38
4294967279,35
4294967279,34
4294967279,32
4294967279,31
4294967279,29
4294967279,27
4294967279,26
4294967279,24
4294967279,23
4294967279,19
4294967279,18
4294967279,17
4294967279,16
4294967279,15
4294967279,14
4294967279,13
4294967279,12
4294967279,11
4294967279,10
4294967294,5
4294967279,137
32,6
4294967279,136
32,5
32,4
4294967279,135
32,3
32,2
32,1
4294967279,134
4294967294,395
4294967294,396
4294967294,399
4294967294,179
4294967294,250
4294967294,385
4294967294,421
4294967294,407
4294967294,415
4294967294,599
4294967294,249
4294967294,183
4294967294,398
4294967294,406
4294967294,184
4294967294,461
4294967294,111
4294967294,451
4294967279,133
4294967279,21
